1;2756.36;10.20;1550.29;small
1;2738.02;10.70;1546.38;small
1;2761.55;10.60;1575.13;small
1;2784.79;10.40;1584.90;small
1;2803.87;10.60;1575.94;small
1;2799.05;10.00;1557.70;small
1;2777.52;10.40;1559.74;small
1;2717.38;9.50;1538.17;small
2;2766.82;12.10;1615.61;big
2;2736.30;11.80;1577.94;small
3;2731.44;12.70;1664.47;big
3;2697.04;9.50;1692.94;small
3;2776.83;9.70;1753.59;small
3;2750.95;9.50;1726.10;small
3;2718.41;10.60;1711.83;small
4;2674.46;10.20;1604.42;big
4;2655.94;12.60;1572.58;small
4;2692.45;10.40;1628.25;small
5;2889.43;10.80;1531.47;small
5;2898.91;9.60;1568.06;small
5;2869.26;9.70;1541.43;small
6;2949.43;9.70;1572.40;big
6;2951.11;9.70;1617.28;small
6;2946.68;9.70;1650.75;small
6;2985.31;9.70;1630.87;small
6;2959.87;9.90;1664.41;small
7;2962.92;12.00;1497.47;big
7;2939.68;13.70;1478.50;small
7;2998.36;11.40;1485.78;small
7;2954.11;10.90;1530.59;small
7;2922.68;11.30;1515.05;small
7;2914.09;9.90;1536.18;small
8;3012.56;9.70;1562.97;big
8;2981.40;10.00;1541.87;small
8;2991.17;9.70;1590.08;small
8;3047.39;9.80;1588.86;small
8;3067.30;9.80;1600.63;small
8;3057.72;10.10;1546.97;small
8;3084.62;10.50;1532.93;small
9;3111.48;9.50;1775.59;big
9;3119.57;9.50;1705.30;big
9;3082.16;9.50;1688.80;small
9;3170.64;9.50;1687.29;small
9;3232.12;9.50;1733.63;small
9;3202.46;9.50;1732.79;small
9;3166.33;9.50;1723.74;small
9;3125.90;9.50;1816.50;small
9;3149.21;9.50;1831.71;small
9;3164.46;9.50;1859.29;small
10;3030.61;10.60;1673.17;big
10;3019.58;9.80;1642.95;small
10;3061.83;10.40;1710.60;small
10;3085.75;9.70;1726.57;small
10;3066.67;9.60;1727.10;small
10;3037.83;10.40;1720.61;small
10;3018.18;10.30;1727.94;small
10;2998.67;10.50;1716.06;small
10;3000.48;10.10;1696.81;small
10;3005.89;11.00;1742.73;small
11;2924.40;12.70;1721.59;big
11;2921.88;12.60;1764.09;big
11;2962.47;12.30;1759.26;big
11;2981.34;9.80;1726.34;small
11;2950.49;13.20;1805.48;small
11;2981.58;12.50;1807.94;small
11;2970.01;9.90;1823.38;small
11;3014.52;12.60;1842.72;small
11;2992.06;10.60;1831.60;small
11;2987.82;9.90;1847.10;small
11;2982.71;13.70;1792.58;small
12;3407.18;10.00;1912.83;big
12;3356.50;10.20;1934.96;big
12;3371.62;9.80;1900.26;small
12;3302.38;10.40;1947.48;big
12;3235.96;10.70;1951.26;big
12;3209.23;10.50;1903.50;big
12;3305.67;10.30;1900.84;small
12;3329.50;10.60;1913.43;small
12;3281.06;10.70;1908.03;small
12;3264.74;10.80;1913.18;small
12;3267.63;10.80;1884.82;small
12;3241.52;10.70;1872.75;small
12;3186.97;11.00;1938.72;small
12;3143.68;12.30;1957.84;small
12;3164.96;11.30;1946.64;small
12;3182.52;10.90;1927.65;small
12;3252.11;10.70;1897.30;small
13;3176.88;9.60;1770.76;big
13;3233.24;10.00;1780.33;big
13;3210.14;10.40;1833.43;big
13;3265.25;10.30;1750.52;small
13;3298.23;9.50;1750.51;small
13;3297.12;10.50;1787.84;small
13;3282.72;10.10;1771.09;small
13;3278.26;9.50;1802.22;small
13;3260.57;10.40;1820.55;small
13;3258.24;10.60;1850.64;small
13;3164.80;9.70;1814.31;small
13;3145.64;9.70;1801.54;small
14;3773.24;10.60;1633.91;big
14;3772.31;10.30;1685.17;big
14;3773.75;10.20;1730.79;big
14;3775.99;10.40;1788.45;big
14;3830.48;9.80;1801.56;big
14;3886.17;9.80;1800.73;big
14;3883.11;9.80;1740.09;big
14;3918.29;11.30;1692.45;big
14;3957.34;9.80;1654.59;big
14;3951.12;10.40;1629.10;big
14;3890.04;9.80;1666.86;big
14;3834.05;9.80;1649.62;big
14;3834.22;9.70;1705.75;big
14;3834.53;9.90;1752.76;big
14;3779.08;10.10;1813.67;big
16;2811.12;9.50;1786.50;big
16;2807.03;9.50;1717.37;big
16;2827.58;9.50;1667.35;big
16;2832.59;9.50;1624.88;big
16;2762.84;9.50;1778.42;small
16;2753.10;9.50;1757.04;small
16;2761.82;9.50;1712.46;small
16;2799.33;9.50;1664.77;big
16;2767.64;9.50;1734.23;small
17;3408.82;17.10;865.59;big
17;3378.78;14.90;811.25;big
17;3389.37;14.20;763.56;big
17;3388.35;10.20;694.27;big
17;3383.50;15.20;648.23;big
17;3428.91;10.00;650.25;big
17;3475.49;10.30;700.15;big
17;3515.99;10.60;736.32;big
17;3548.43;11.50;785.26;big
17;3488.29;12.00;776.85;big
17;3443.93;13.20;826.78;big
17;3439.22;14.60;781.24;big
17;3438.01;12.90;719.85;big
17;3422.66;10.80;602.07;small
17;3408.54;11.10;602.62;small
17;3353.48;11.50;712.84;small
17;3343.00;11.20;775.37;small
17;3391.26;11.60;908.67;small
17;3404.77;14.90;917.87;small
17;3485.98;12.90;813.23;small
17;3576.32;11.80;814.33;small
17;3593.81;11.20;824.07;small
17;3585.43;10.80;801.84;small
18;2830.60;9.50;1576.07;small
18;2870.01;9.50;1581.84;small
18;2852.44;9.50;1581.57;small
18;2856.68;9.50;1561.49;small
18;2832.42;9.50;1551.91;small
18;2816.81;9.50;1526.97;small
18;2822.04;9.50;1540.23;small
18;2797.62;9.50;1534.40;small
18;2796.74;9.50;1518.02;small
18;2778.22;9.50;1532.34;small
18;2766.38;9.50;1502.01;small
18;2766.92;9.50;1521.81;small
18;2748.92;9.50;1533.23;small
18;2721.07;9.50;1524.51;small
18;2722.33;9.50;1509.75;small
18;2745.17;9.50;1505.86;small
19;2855.92;9.80;1488.80;big
19;2886.66;10.60;1481.80;big
19;2842.36;9.80;1523.19;small
19;2832.42;10.40;1474.09;small
20;2875.94;13.40;1417.19;big
20;2815.34;10.30;1400.54;big
20;2835.35;10.00;1427.44;big
20;2844.42;10.70;1385.18;small
21;2943.79;10.70;1432.37;big
21;3039.07;13.70;1470.33;big
21;3006.23;11.10;1442.88;small
21;2979.12;11.20;1430.67;small
21;2987.57;15.60;1456.06;small
21;2929.30;10.60;1411.57;small
22;3135.80;11.50;1495.07;small
22;3112.34;10.90;1493.01;small
22;3088.58;10.10;1486.64;small
22;3086.86;12.50;1507.19;small
22;3060.94;12.70;1511.63;small
22;3038.10;11.20;1522.51;small
22;3019.63;12.20;1520.61;small
22;3032.14;12.20;1509.86;small
23;2969.31;13.60;1403.89;small
23;2993.00;10.10;1406.00;small
23;2990.73;12.00;1376.00;small
23;3016.48;14.70;1368.42;small
23;3033.13;10.40;1344.18;small
23;3063.55;11.50;1339.06;small
23;3061.91;11.50;1307.04;small
23;3044.88;9.50;1275.95;small
23;3030.37;9.60;1269.73;small
23;3079.83;9.50;1324.24;small
23;3007.48;11.70;1390.89;small
23;3007.56;10.80;1360.06;small
23;3048.20;10.80;1328.12;small
23;3028.25;12.80;1358.14;small
23;3046.14;9.50;1293.28;small
23;2975.03;9.90;1389.19;small
23;3049.53;10.60;1352.66;small
23;3015.72;12.00;1283.42;small
24;3106.58;11.50;1406.43;big
24;3128.62;12.50;1371.17;big
24;3048.49;11.40;1428.58;big
24;3122.20;11.80;1341.78;small
24;3067.02;13.80;1394.74;small
24;3142.93;11.10;1397.83;small
25;3154.79;10.30;1312.29;big
25;3151.96;12.40;1280.09;small
25;3199.03;9.50;1333.57;small
26;3190.35;13.80;1377.61;big
26;3232.15;9.80;1402.35;big
26;3239.33;9.90;1452.25;big
26;3219.41;10.30;1468.31;small
26;3181.27;11.30;1409.20;small
27;3163.01;14.40;1450.80;big
27;3195.19;14.80;1442.91;small
27;3130.92;9.70;1470.62;small
27;3079.81;9.80;1453.44;small
27;3108.78;9.80;1450.52;small
28;3482.41;11.00;1232.76;big
28;3443.08;11.70;1234.36;big
28;3395.77;13.50;1228.83;big
28;3508.18;9.70;1167.63;big
28;3541.32;10.00;1137.20;small
28;3468.92;10.40;1194.47;big
28;3366.13;11.10;1162.82;big
28;3419.85;11.70;1190.87;small
28;3398.96;11.70;1188.15;small
28;3366.28;12.50;1204.08;small
28;3337.70;12.80;1123.22;small
28;3325.27;10.90;1144.21;small
29;3100.86;9.50;1265.57;big
29;3011.52;9.50;1239.29;big
29;3081.08;9.50;1198.02;big
29;3065.96;9.50;1232.31;big
29;3118.57;9.50;1224.85;small
29;3128.35;9.50;1206.98;small
29;3035.14;9.50;1203.13;small
31;3976.37;11.50;948.03;big
31;3996.68;10.90;893.28;big
31;4019.10;10.70;839.59;big
31;4037.06;10.90;936.00;big
31;4099.71;14.00;953.63;big
31;4137.62;10.30;975.41;big
31;4032.41;10.00;901.19;big
31;4075.38;9.70;918.98;small
31;4072.10;10.50;769.48;small
31;4062.53;11.20;752.66;small
31;4010.07;12.30;797.08;small
31;4030.81;11.40;800.12;small
31;4060.26;9.70;787.94;small
31;3968.28;11.20;980.26;small
36;2009.39;10.10;2010.23;big
36;2036.58;11.00;1952.48;big
36;2064.52;13.50;1907.31;big
36;2105.19;12.20;1884.51;big
36;2118.43;15.00;1934.01;big
36;2151.20;14.70;1983.00;big
36;2193.88;14.90;2012.69;big
36;2246.37;15.60;2032.35;big
36;2123.02;15.40;2015.64;big
36;2065.89;14.40;2017.86;big
36;2085.86;15.70;1969.78;big
37;3172.68;10.30;1652.82;big
37;3209.25;9.90;1660.08;big
37;3210.79;10.40;1691.77;big
37;3174.75;9.70;1622.52;small
38;3126.09;10.20;1596.71;big
38;3093.97;9.80;1570.90;big
38;3124.18;11.40;1531.43;big
38;3151.30;10.40;1517.65;small
39;3198.73;10.10;1545.06;big
39;3224.59;10.00;1621.55;small
39;3201.27;9.90;1586.09;big
39;3165.23;10.40;1582.37;small
39;3178.66;12.30;1500.80;small
39;3199.45;10.10;1502.60;small
39;3166.07;10.00;1547.51;small
40;3539.67;9.80;1720.33;big
40;3595.39;9.80;1707.73;big
40;3656.78;10.00;1722.09;big
40;3683.79;10.50;1748.87;big
40;3671.33;10.20;1683.28;big
40;3667.01;10.50;1623.73;big
40;3625.66;9.80;1667.53;big
40;3555.65;10.40;1662.10;big
40;3558.45;10.20;1613.23;big
40;3610.71;10.50;1637.31;big
40;3522.18;10.60;1607.99;small
40;3547.25;10.40;1582.41;small
40;3672.81;9.80;1586.83;small
40;3714.78;10.30;1769.02;small
41;2792.47;11.90;1348.13;big
41;2839.94;12.60;1357.59;small
41;2763.75;13.40;1367.76;small
41;2799.87;10.00;1308.19;small
41;2773.52;13.40;1327.44;small
42;2716.01;9.50;1447.73;big
42;2697.02;9.50;1409.13;small
42;2743.76;9.50;1426.23;big
42;2679.93;9.50;1413.31;small
43;2668.34;9.50;1740.10;big
43;2614.90;9.50;1707.54;big
43;2555.60;9.50;1699.23;big
43;2503.01;9.50;1693.51;big
43;2497.52;9.50;1644.59;big
43;2488.61;9.50;1599.52;big
43;2517.20;9.50;1559.67;big
43;2560.35;9.50;1517.17;big
43;2598.32;9.50;1472.78;big
43;2642.09;9.50;1464.38;big
43;2660.42;9.50;1508.38;big
43;2596.65;9.50;1547.27;big
43;2589.48;9.50;1615.29;big
43;2631.95;9.50;1658.48;big
43;2558.43;9.50;1652.21;big
43;2551.04;9.50;1598.10;big
43;2626.51;9.50;1590.04;small
43;2675.14;9.50;1549.53;small
43;2697.69;9.50;1539.95;small
43;2698.51;9.50;1560.10;small
43;2709.93;9.50;1579.98;small
43;2712.79;9.50;1606.64;small
43;2730.42;9.50;1611.24;small
43;2674.82;9.50;1654.14;small
43;2715.87;9.50;1745.34;small
43;2715.82;9.50;1726.07;small
44;2484.80;9.50;1771.43;big
44;2454.63;9.50;1822.78;big
44;2420.83;9.50;1860.13;big
44;2399.73;9.50;1929.74;big
44;2463.46;9.50;1957.12;big
44;2527.63;9.50;1966.80;big
44;2484.01;9.50;2011.40;big
44;2415.60;9.50;2024.35;big
44;2348.70;9.50;2010.42;big
44;2298.40;9.50;1984.75;big
44;2248.18;9.50;1955.67;big
44;2203.48;9.50;1933.28;big
44;2175.67;9.50;1868.84;big
44;2389.78;9.50;1971.94;big
44;2334.56;9.50;1928.62;big
44;2275.30;9.50;1892.17;big
44;2413.09;9.50;1799.63;big
44;2359.88;9.50;1864.54;big
44;2347.98;9.50;1815.93;big
44;2289.25;9.50;1824.69;big
44;2235.00;9.50;1881.88;big
44;2229.00;9.50;1825.00;big
45;2984.27;9.50;2023.23;big
45;2966.21;9.50;1981.48;big
45;2906.34;9.50;1956.11;big
45;2864.30;9.50;1909.14;big
45;2841.22;9.50;1867.48;big
45;2770.80;9.50;1851.21;big
45;2720.14;9.50;1820.72;big
45;2665.76;9.50;1798.58;big
45;2614.71;9.50;1786.19;big
45;2568.76;9.50;1785.88;big
45;2540.77;9.50;1835.36;big
45;2604.72;9.50;1855.66;big
45;2617.94;9.50;1927.24;big
45;2599.78;9.50;1996.52;big
45;2569.04;9.50;2041.32;big
45;2920.80;9.50;2021.40;big
45;2845.10;9.50;2022.63;big
45;2857.44;9.50;1966.28;big
45;2787.53;9.50;1922.76;big
45;2720.63;9.50;1894.49;big
45;2665.31;9.50;1864.00;big
45;2798.80;9.50;1983.76;big
45;2781.02;9.50;2032.34;big
45;2727.05;9.50;1967.27;big
45;2673.72;9.50;1943.09;big
45;2663.67;9.50;2011.28;big
45;2708.94;9.50;2027.61;big
46;3072.08;9.50;2020.91;big
46;3130.15;9.50;2034.76;big
46;3177.19;0.00;2054.42;big
46;3234.02;0.00;2053.57;big
46;3286.61;9.50;2036.89;big
46;3340.55;9.50;2010.97;big
46;3406.73;9.50;1987.21;big
46;3447.09;9.50;1966.35;big
46;3500.47;9.50;1990.11;big
46;3562.25;9.50;2014.75;big
46;3452.01;9.50;2030.67;big
46;3396.82;9.50;2037.78;big
46;3518.39;9.50;2032.36;big
46;3718.94;9.50;2039.08;big
46;3802.95;9.50;2032.72;big
46;3765.07;9.50;2018.94;big
46;3679.61;9.50;1990.13;big
46;3612.11;9.50;1992.21;big
46;3464.77;9.50;1914.22;small
46;3411.67;9.50;1867.45;small
46;3382.89;9.50;1871.47;small
46;3369.04;9.50;1856.02;small
47;2628.65;9.50;1362.31;big
47;2621.67;9.50;1284.69;big
47;2555.26;9.50;1395.80;big
47;2507.29;9.50;1347.41;big
47;2462.01;9.50;1304.16;big
47;2470.25;9.50;1246.06;big
47;2569.07;9.50;1324.51;big
47;2532.01;9.50;1272.65;big
47;2572.48;9.50;1256.87;big
47;2509.95;9.50;1188.83;big
47;2688.39;9.50;1252.03;small
48;2647.06;9.50;1211.16;big
48;2615.11;9.50;1150.55;big
48;2562.79;9.50;1095.93;big
48;2530.58;9.50;1044.45;big
48;2510.83;9.50;1008.75;big
48;2469.74;9.50;1048.79;big
48;2483.45;9.50;1102.48;big
48;2581.74;9.50;1191.71;big
48;2562.66;9.50;1136.58;big
49;2261.14;9.50;1748.58;big
49;2318.99;9.50;1740.48;big
49;2382.86;9.50;1724.02;big
49;2414.35;9.50;1677.67;big
49;2402.89;9.50;1613.20;big
49;2404.62;9.50;1552.65;big
49;2447.87;9.50;1500.68;big
49;2494.39;9.50;1443.02;big
49;2443.35;9.50;1404.87;big
49;2395.31;9.50;1448.58;big
49;2368.75;9.50;1500.27;big
49;2257.12;9.50;1691.22;big
49;2262.06;9.50;1634.96;big
49;2296.91;9.50;1586.48;big
49;2319.16;9.50;1680.38;big
49;2364.67;9.50;1644.48;big
49;2360.83;9.50;1598.05;big
49;2343.63;9.50;1535.65;big
50;2170.49;9.50;1676.29;big
50;2177.10;9.50;1709.79;big
50;2170.28;9.50;1757.76;big
50;2117.34;9.50;1658.74;big
50;2059.67;9.50;1634.92;big
50;2029.69;9.50;1669.90;big
50;1999.21;9.50;1741.17;big
50;1977.20;9.50;1796.77;big
50;1926.27;9.50;1854.15;big
50;2111.60;9.50;1784.71;big
50;2064.30;9.50;1823.46;big
50;2109.85;9.50;1719.11;big
50;2051.00;9.50;1726.35;big
50;2007.01;9.50;1859.20;big
50;1970.47;9.50;1913.21;big
50;1937.48;9.50;1971.36;big
50;1932.62;9.50;2027.59;big
50;1880.12;9.50;1906.91;big
50;1857.13;9.50;1962.96;big
50;1755.48;9.50;1969.85;big
50;1807.36;9.50;2004.94;big
50;1867.26;9.50;2021.63;big
50;1715.96;9.50;2003.96;small
50;1684.63;9.50;2017.25;small
50;1632.73;0.00;2054.46;big
51;2173.92;9.50;1573.73;big
51;2223.42;9.50;1548.44;big
51;2248.44;9.50;1492.94;big
51;2282.27;9.50;1445.78;big
51;2315.01;9.50;1388.51;big
51;2359.58;9.50;1340.99;big
51;2165.09;9.50;1508.96;big
51;2167.03;9.50;1452.23;big
51;2168.75;9.50;1398.71;big
51;2185.76;9.50;1348.86;big
51;2223.34;9.50;1430.47;big
51;2248.03;9.50;1370.32;big
51;2250.03;9.50;1319.76;big
51;2308.04;9.50;1304.60;big
51;2371.62;9.50;1293.09;big
52;1401.42;9.50;1247.65;big
52;1345.91;9.50;1208.72;big
52;1332.65;9.50;1269.28;big
52;1373.24;9.50;1297.80;big
53;1487.36;9.50;1187.02;big
53;1530.77;9.50;1157.49;big
53;1551.52;9.50;1092.88;big
53;1594.55;9.50;1058.75;big
53;1657.40;9.50;1095.29;big
53;1729.27;9.50;1099.33;big
53;1790.08;9.50;1073.46;big
53;1861.59;9.50;1057.31;big
53;1876.94;9.50;1104.66;big
53;1865.42;9.50;1161.28;big
53;1801.81;9.50;1170.14;big
53;1736.23;9.50;1188.81;big
53;1673.76;9.50;1207.19;big
53;1619.47;9.50;1210.82;big
53;1555.28;9.50;1185.83;big
53;1610.69;9.50;1136.07;big
53;1689.18;9.50;1146.54;big
53;1776.09;9.50;1128.04;big
53;1458.63;9.50;1147.21;small
53;1521.50;9.50;1049.55;small
53;1550.39;9.50;1036.48;small
54;1692.53;9.50;1448.40;big
54;1685.99;9.50;1514.71;big
54;1750.09;9.50;1574.13;big
54;1661.19;9.50;1477.75;big
54;1723.81;9.50;1531.94;big
55;1845.05;9.50;1599.79;big
55;1916.20;9.50;1586.49;big
55;1882.57;9.50;1613.11;big
55;1915.70;9.50;1645.49;big
55;1842.76;9.50;1692.34;big
55;1877.77;9.50;1728.69;small
55;1810.54;9.50;1729.39;small
56;1996.68;9.50;1588.13;big
56;1998.07;9.50;1519.50;big
56;1989.46;9.50;1452.71;big
56;1989.89;9.50;1388.72;big
56;2009.38;9.50;1335.91;big
56;2046.39;9.50;1278.19;big
56;2100.89;9.50;1253.21;big
56;2106.04;9.50;1301.50;big
56;2147.51;9.50;1250.34;big
56;2084.74;9.50;1357.33;big
56;2085.07;9.50;1419.24;big
56;2086.64;9.50;1492.35;big
56;2082.88;9.50;1545.60;big
56;2038.85;9.50;1389.94;big
56;2037.60;9.50;1449.17;big
56;2034.93;9.50;1549.46;big
57;1729.28;9.50;1297.86;big
57;1780.94;9.50;1272.93;big
57;1828.49;9.50;1255.77;big
57;1885.22;9.50;1250.91;big
57;1938.91;9.50;1273.77;big
57;1908.94;9.50;1341.11;big
57;1895.57;9.50;1403.66;big
57;1907.51;9.50;1472.48;big
57;1883.96;9.50;1508.11;big
57;1835.06;9.50;1515.22;big
57;1765.27;9.50;1474.15;big
57;1766.52;9.50;1410.03;big
57;1745.58;9.50;1356.89;big
57;1842.10;9.50;1436.58;big
57;1820.01;9.50;1364.96;big
57;1861.33;9.50;1318.47;big
57;1793.72;9.50;1321.58;big
58;2233.80;9.50;1232.32;big
58;2294.97;9.50;1215.96;big
58;2364.86;9.50;1201.09;big
58;2236.51;9.50;1174.73;big
58;2224.38;9.50;1108.53;big
58;2215.26;9.50;1055.65;big
58;2406.00;9.50;1139.76;big
58;2398.40;9.50;1069.55;big
58;2378.48;9.50;1012.11;big
58;2319.65;9.50;1024.17;big
58;2268.27;9.50;1049.12;big
58;2294.06;9.50;1148.21;big
58;2350.33;9.50;1120.17;big
58;2309.40;9.50;1079.74;big
59;1961.57;9.50;1186.34;big
59;2017.18;9.50;1169.83;big
59;2083.30;9.50;1162.95;big
59;2138.99;9.50;1162.93;big
59;2114.30;9.50;1105.50;big
59;2115.98;9.50;1044.74;big
59;2127.75;9.50;976.47;big
59;2164.88;9.50;933.80;big
59;2131.60;9.50;882.04;big
59;1950.17;9.50;1063.44;big
59;1934.77;9.50;1005.11;big
59;2020.00;9.50;1102.62;big
59;1956.02;9.50;1121.78;big
59;2070.22;9.50;1091.21;big
59;2003.99;9.50;987.81;big
59;2046.35;9.50;931.61;big
59;2082.68;9.50;892.35;big
59;2009.77;9.50;1044.85;big
59;2067.93;9.50;1006.94;big
60;3684.74;9.50;788.09;big
60;3760.74;9.50;769.00;big
60;3824.91;9.50;793.51;big
60;3934.50;9.50;838.11;big
60;3882.74;9.50;826.80;big
60;3958.82;9.50;777.66;big
60;3987.54;9.50;721.77;big
60;3969.49;9.50;651.50;big
60;3956.90;9.50;589.64;big
60;3940.30;9.50;526.60;big
60;3951.12;9.50;427.59;big
60;3924.56;9.50;471.80;big
60;3871.51;9.50;457.70;big
60;3798.20;9.50;455.11;big
60;3732.42;9.50;437.72;big
60;3703.67;9.50;430.99;big
60;3674.56;9.50;428.41;big
60;3633.61;9.50;424.53;big
60;3615.19;9.50;487.06;big
60;3649.01;9.50;552.24;big
60;3648.14;9.50;612.83;big
60;3656.61;9.50;662.87;big
60;3675.64;9.50;728.33;big
60;3737.58;9.50;718.53;big
60;3723.15;9.50;656.37;big
60;3719.01;9.50;580.12;big
60;3689.05;9.50;496.02;big
60;3764.50;9.50;508.38;big
60;3842.31;9.50;524.29;big
60;3888.77;9.50;574.46;big
60;3895.18;9.50;641.57;big
60;3903.07;9.50;702.19;big
60;3894.63;9.50;761.68;big
60;3839.15;9.50;731.38;big
60;3794.97;9.50;694.90;big
60;3782.41;9.50;634.96;big
60;3787.98;9.50;563.42;big
60;3851.82;9.50;611.00;big
60;3850.35;9.50;671.78;big
61;2252.97;9.50;953.46;big
61;2226.48;9.50;881.30;big
61;2260.40;9.50;826.80;big
61;2183.44;9.50;847.88;small
61;2295.53;9.50;742.65;big
61;2373.48;9.50;741.14;big
61;2447.55;9.50;742.29;big
61;2511.01;9.50;760.62;big
61;2516.87;9.50;821.55;big
61;2496.59;9.50;897.56;big
61;2324.82;9.50;930.11;big
61;2396.93;9.50;911.61;big
61;2292.82;9.50;885.54;big
61;2321.82;9.50;818.94;big
61;2379.06;9.50;804.79;big
61;2444.08;9.50;807.75;big
61;2450.82;9.50;868.90;big
61;2358.00;9.50;873.25;big
61;2470.70;9.50;949.28;big
61;2525.24;9.50;947.28;small
61;2206.50;9.50;832.14;small
61;2567.98;9.50;767.80;big
62;2900.63;9.50;679.03;big
62;2911.27;9.50;625.62;big
62;2937.80;9.50;576.25;big
62;2954.86;9.50;523.98;big
62;2960.53;9.50;459.32;big
62;2951.35;9.50;396.04;big
62;2968.20;9.50;321.32;big
62;2905.58;9.50;290.04;big
62;2898.02;9.50;361.68;big
62;2891.27;9.50;434.48;big
62;2881.92;9.50;510.08;big
62;2853.64;9.50;565.69;big
62;2850.23;9.50;636.28;big
62;2846.54;9.50;704.62;big
62;2773.06;9.50;688.22;big
62;2707.22;9.50;681.88;big
62;2626.55;9.50;712.46;big
62;2581.89;9.50;682.50;big
62;2594.69;9.50;622.34;big
62;2585.52;9.50;557.08;big
62;2588.34;9.50;499.11;big
62;2603.79;9.50;429.94;big
62;2603.27;9.50;371.02;big
62;2639.14;9.50;317.80;big
62;2711.35;9.50;303.99;big
62;2784.26;9.50;305.15;big
62;2852.00;9.50;303.21;big
62;2657.39;9.50;644.12;big
62;2656.16;9.50;594.75;big
62;2651.78;9.50;530.44;big
62;2648.46;9.50;478.57;big
62;2663.14;9.50;419.33;big
62;2687.39;9.50;360.53;big
62;2758.30;9.50;363.47;big
62;2832.39;9.50;363.65;big
62;2789.21;9.50;616.30;big
62;2722.70;9.50;615.21;big
62;2722.40;9.50;549.11;big
62;2789.67;9.50;539.52;big
62;2726.33;9.50;474.66;big
62;2814.03;9.50;481.26;big
62;2742.70;9.50;422.03;big
62;2821.82;9.50;423.37;big
65;3000.02;9.50;233.61;big
65;3027.91;9.50;164.81;big
65;3055.68;9.50;103.68;big
65;3106.66;9.50;41.71;big
65;3169.20;9.50;47.22;big
65;3239.59;9.50;58.38;big
65;3291.14;9.50;97.30;big
65;3323.27;9.50;138.41;big
65;3347.64;9.50;73.61;big
65;3302.98;9.50;30.52;big
65;3374.13;9.50;18.90;big
65;2926.66;9.50;198.11;big
65;2977.85;9.50;172.04;big
65;2955.89;9.50;123.51;big
65;3002.24;9.50;87.48;big
65;2957.57;9.50;56.22;big
65;3021.92;9.50;30.03;big
68;2887.50;9.50;1342.61;big
68;2898.68;9.50;1308.78;big
68;2842.92;9.50;1301.26;big
68;2933.79;9.50;1284.28;small
68;2953.57;9.50;1293.59;small
68;2815.90;9.50;1270.03;small
68;2795.84;9.50;1267.38;small
68;2778.03;9.50;1249.86;small
68;2753.45;9.50;1249.86;small
68;2735.82;9.50;1248.78;small
69;3321.37;9.50;1207.32;big
69;3256.97;9.50;1212.55;big
69;3206.84;9.50;1205.23;big
69;3295.34;9.50;1241.33;small
69;3345.23;9.50;1241.61;small
69;3170.09;9.50;1226.78;small
71;4058.69;9.50;662.03;big
71;4044.84;9.50;599.78;big
71;4030.98;9.50;530.09;big
71;4031.09;9.50;472.82;big
71;4033.48;9.50;435.52;big
71;4102.24;9.50;436.93;big
71;4171.51;9.50;438.16;big
71;4243.65;9.50;452.41;big
71;4278.09;9.50;503.54;big
71;4288.27;9.50;566.15;big
71;4313.13;9.50;635.40;big
71;4274.98;9.50;683.08;big
71;4209.78;9.50;675.93;big
71;4127.16;9.50;678.23;big
71;4115.99;9.50;605.86;big
71;4111.91;9.50;536.24;big
71;4101.59;9.50;489.88;big
71;4251.65;9.50;617.51;big
71;4172.07;9.50;501.70;big
71;4232.62;9.50;519.90;big
71;4211.01;9.50;576.38;big
71;4166.21;9.50;585.52;big
71;4302.98;9.50;450.01;small
71;4292.97;9.50;414.51;small
72;4458.08;9.50;685.28;big
72;4488.23;9.50;634.91;small
72;4504.98;9.50;608.15;small
72;4480.01;9.50;586.97;small
72;4467.76;9.50;630.03;small
72;4375.85;9.50;691.11;small
72;4358.26;9.50;716.40;small
72;4345.20;9.50;737.18;small
72;4331.91;9.50;762.35;small
72;4306.52;9.50;760.45;small
72;4324.50;9.50;742.48;small
72;4442.21;9.50;642.74;small
73;4396.26;9.50;803.49;big
73;4434.78;9.50;772.63;small
73;4445.87;9.50;741.98;small
73;4417.02;9.50;751.98;small
73;4436.14;9.50;721.90;small
75;4646.59;9.50;992.13;big
75;4585.14;9.50;973.25;big
75;4643.31;9.50;928.05;big
75;4638.32;9.50;865.60;big
75;4611.63;9.50;811.53;big
75;4555.87;9.50;914.36;big
75;4552.51;9.50;856.89;big
75;4528.22;9.50;800.23;big
75;4581.08;9.50;763.63;big
75;4534.87;9.50;721.93;big
75;4505.60;9.50;757.49;big
75;4504.28;9.50;922.67;small
75;4484.50;9.50;946.66;small
75;4494.67;9.50;972.11;small
76;4797.44;9.50;1180.62;big
76;4751.83;9.50;1140.91;big
76;4721.27;9.50;1083.31;big
76;4817.20;9.50;1118.02;big
76;4789.40;10.30;1070.03;big
76;4750.51;9.50;1043.81;big
76;4705.74;10.50;1050.72;big
76;4865.86;9.50;1134.51;small
77;4728.96;9.50;1232.41;big
77;4716.46;9.50;1185.99;small
77;4761.05;9.50;1266.09;small
77;4739.96;9.50;1297.37;small
77;4687.45;9.50;1308.90;small
77;4673.06;9.50;1288.65;small
77;4716.43;9.50;1289.47;small
77;4685.13;9.50;1233.97;small
78;4975.97;9.50;935.31;big
78;4954.64;9.50;893.32;big
78;4927.23;9.50;855.76;big
78;4903.43;9.50;803.62;big
78;4869.67;9.50;756.45;big
78;4806.49;9.50;740.67;big
78;4810.66;9.50;811.25;big
78;4783.28;9.50;878.64;big
78;4755.06;9.50;941.50;big
78;4805.45;9.50;980.27;big
78;4863.72;9.50;1001.78;big
78;4930.09;9.50;969.28;big
78;4890.51;9.50;919.12;big
78;4828.83;9.50;914.33;big
78;4859.70;9.50;855.67;big
78;4728.17;9.50;894.42;small
79;5011.53;9.50;1535.41;small
79;5011.34;9.50;1499.98;small
79;5003.74;9.50;1469.04;small
79;5062.54;9.50;1416.35;small
79;5034.83;9.50;1426.73;small
79;4987.58;9.50;1424.70;big
79;4941.55;9.50;1375.78;big
79;4880.60;9.50;1341.27;big
79;4850.36;9.50;1308.95;big
79;4938.88;9.50;1325.41;big
79;4905.44;9.50;1282.74;big
79;4866.79;9.50;1245.84;small
79;4841.74;9.50;1227.29;small
79;4841.01;9.50;1259.14;small
80;4713.31;9.50;707.26;big
80;4688.48;9.50;774.69;big
80;4697.39;9.50;829.19;small
80;4662.08;9.50;702.42;small
80;4673.46;9.50;672.08;small
84;5008.27;9.50;803.47;big
84;5079.74;9.50;780.69;big
84;5153.15;9.50;769.72;big
84;5227.47;9.50;745.00;big
84;5291.56;9.50;720.77;big
84;5260.04;9.50;658.47;big
84;5197.33;9.50;685.74;big
84;5130.91;9.50;707.47;big
84;5054.54;9.50;719.15;big
84;4967.61;9.50;747.03;big
84;4923.15;9.50;692.17;big
84;4980.79;9.50;654.53;big
84;5043.68;9.50;632.68;big
84;5206.72;9.50;610.47;big
84;5148.26;9.50;603.13;big
84;5142.15;9.50;660.33;big
84;5079.35;9.50;676.22;big
84;5003.44;9.50;713.30;big
84;4850.33;9.50;676.33;big
84;4829.52;9.50;632.97;small
84;4923.02;9.50;646.46;big
87;5269.59;9.50;1738.75;big
87;5212.67;9.50;1690.12;big
87;5140.29;9.50;1682.56;big
87;5070.90;9.50;1679.69;big
87;5012.72;9.50;1651.90;big
87;4972.67;9.50;1631.87;big
87;5181.19;9.50;1629.72;big
87;5082.26;9.50;1613.14;big
87;5092.05;9.50;1551.29;big
87;5076.32;9.50;1474.31;big
87;5168.32;9.50;1559.26;big
87;5135.05;9.50;1623.08;big
87;5127.46;9.50;1500.25;big
87;5192.81;9.50;1491.54;big
90;5120.70;9.50;1378.83;big
90;5053.85;9.50;1338.86;big
90;5086.76;9.50;1287.19;big
90;5043.57;9.50;1267.14;big
90;5058.07;9.50;1223.50;big
90;5003.17;9.50;1196.91;big
90;4911.47;9.50;1171.69;big
90;4959.99;9.50;1180.22;big
90;5110.09;9.50;1332.76;small
93;4761.87;9.50;626.07;big
93;4724.00;9.60;564.38;big
93;4697.19;11.50;615.87;big
93;4655.05;9.50;552.40;big
93;4582.03;9.50;562.43;big
93;4777.43;9.50;684.96;small
93;4640.38;9.50;606.06;small
93;4657.26;9.50;630.91;small
93;4535.93;9.50;579.86;small
93;4518.83;9.50;555.91;small
93;4497.28;9.50;564.99;small
93;4756.38;9.50;520.52;small
93;4737.36;9.50;511.21;small
94;5065.37;9.50;1130.21;big
94;5000.60;9.50;1097.94;big
94;4938.23;9.50;1090.64;big
94;4966.48;9.50;1037.73;big
94;5054.38;9.50;996.73;big
94;5075.30;9.50;930.36;big
94;5048.79;9.50;890.68;big
94;5110.54;9.50;866.04;big
94;5173.19;9.50;845.49;big
94;5183.78;9.50;916.17;big
94;5207.83;9.50;986.41;big
94;5235.46;9.50;1064.40;big
94;5167.08;9.50;1065.91;big
94;5111.67;9.50;1075.81;big
94;5154.68;9.50;1005.31;big
94;5071.00;9.50;1052.86;big
94;5111.05;9.50;984.93;big
94;5136.43;9.50;936.04;big
94;4902.73;9.50;1077.49;big
94;5013.82;9.50;1017.05;big
100;3366.69;9.50;1062.53;big
100;3392.64;9.50;1013.94;big
100;3423.05;9.50;955.21;big
100;3598.10;9.50;866.50;big
100;3526.80;9.50;840.80;big
100;3458.52;9.50;889.94;big
101;4203.94;9.50;966.50;big
101;4156.68;9.50;928.23;big
101;4107.83;9.50;881.53;big
101;4092.01;9.50;824.97;big
101;4243.10;9.50;905.83;big
101;4185.82;9.50;874.36;big
101;4285.81;9.50;859.73;big
101;4294.53;9.50;823.03;big
101;4228.21;9.50;829.38;big
101;4213.49;9.50;758.72;big
101;4150.11;9.50;821.87;big
101;4123.26;9.50;761.34;big
101;4169.67;9.50;751.91;big
101;4265.74;9.50;779.74;small
101;4084.19;9.50;723.58;small
101;4051.27;9.50;726.26;small
101;4032.18;9.50;756.69;small
101;4042.36;9.50;788.67;small
102;3615.65;9.50;771.23;big
102;3594.48;9.50;711.37;big
102;3556.06;9.50;665.57;big
102;3504.70;9.50;629.94;big
102;3462.76;9.50;581.55;big
102;3456.28;9.50;524.42;big
102;3474.17;9.50;455.01;big
102;3527.44;9.50;444.85;big
102;3545.87;9.50;508.38;big
102;3573.90;9.50;564.91;big
102;3561.73;9.50;623.74;big
102;3522.11;9.50;555.72;big
102;3503.51;9.50;496.79;big
102;3629.62;9.50;820.76;small
103;3464.47;9.50;380.57;big
103;3414.79;9.50;333.16;big
103;3395.77;9.50;291.26;big
103;3364.40;9.50;217.85;big
103;3409.64;9.50;196.98;big
103;3438.39;9.50;265.08;big
103;3455.04;9.50;325.81;big
104;3779.40;9.50;1021.13;big
104;3838.57;9.50;1024.39;big
104;3887.89;9.50;960.22;big
104;3751.24;9.50;962.13;big
104;3702.56;9.50;920.65;big
104;3673.22;9.50;891.42;big
104;3820.06;9.50;960.58;big
104;3781.17;9.50;906.69;big
104;3720.38;9.50;862.00;big
104;3772.91;9.50;838.69;big
104;3837.70;9.50;877.42;big
104;3897.85;9.50;910.43;big
116;3538.74;15.60;1273.23;big
116;3585.62;14.50;1236.74;big
116;3648.09;11.70;1229.79;big
116;3685.58;11.90;1251.19;big
116;3720.41;12.40;1235.64;big
116;3717.14;11.30;1182.67;big
116;3724.00;15.30;1128.94;big
116;3756.77;13.50;1090.39;big
116;3661.68;12.70;1117.39;big
116;3625.06;16.50;1153.48;big
116;3582.09;10.30;1173.84;big
116;3561.47;14.60;1213.26;big
116;3625.76;14.40;1199.11;big
116;3680.76;13.40;1178.76;big
116;3504.48;14.90;1299.76;small
116;3716.24;12.10;1080.17;small
116;3704.69;10.80;1097.06;small
126;2810.05;13.90;1217.34;big
126;2874.51;13.30;1227.05;big
126;2943.27;15.10;1238.14;big
126;2973.57;10.40;1182.49;big
126;2837.55;13.60;1250.19;small
126;2906.47;13.40;1256.61;small
126;3025.61;10.40;1160.94;big
126;3137.16;9.90;1159.37;big
126;3176.95;10.00;1167.15;small
126;3100.80;9.80;1131.15;small
126;3080.99;10.10;1142.86;small
126;3061.41;10.10;1150.72;small
127;2594.17;10.70;954.68;big
127;2558.50;9.70;978.29;small
127;2556.89;9.70;929.48;small
127;2616.41;13.30;903.58;small
127;2604.61;12.60;918.25;small
127;2695.53;10.70;1028.83;big
127;2750.94;13.10;1051.08;big
127;2834.43;11.70;1109.70;big
127;3022.98;11.00;1048.67;big
127;3069.01;12.20;995.55;big
127;2964.53;11.80;954.66;big
127;2923.04;12.70;1042.23;big
128;3338.91;10.70;898.87;big
128;3349.84;10.60;954.27;big
128;3333.29;10.50;1007.23;big
128;3312.20;11.30;1055.49;big
128;3288.39;10.00;1095.52;big
128;3287.71;11.10;911.84;big
128;3296.44;10.40;964.21;big
128;3279.01;10.00;1026.06;big
128;3258.49;10.10;1069.62;big
128;3220.23;9.80;1132.64;big
128;3222.48;10.50;1071.83;big
128;3226.84;10.90;1016.58;big
128;3228.59;11.10;956.66;big
128;3215.91;11.30;923.76;big
128;3277.54;10.10;1135.16;big
129;3448.61;17.70;1304.33;big
129;3402.60;18.20;1302.32;big
129;3362.70;13.10;1308.59;big
129;3325.89;12.30;1324.34;big
129;3320.55;15.20;1282.16;big
129;3270.55;12.40;1285.58;big
129;3231.18;11.60;1307.99;small
129;3252.08;11.40;1322.70;small
129;3276.00;10.90;1334.21;small
129;3484.15;15.60;1284.97;small
129;3468.77;15.90;1337.10;small
129;3374.09;10.40;1266.90;small
129;3231.32;9.90;1346.50;small
129;3257.27;9.50;1338.41;small
130;3255.88;10.20;1509.39;big
130;3296.24;9.80;1470.04;big
130;3315.21;9.80;1528.69;big
130;3366.58;9.80;1495.59;big
130;3395.51;9.90;1489.13;big
130;3340.91;9.70;1448.00;big
131;3267.26;9.80;1576.79;big
131;3275.21;10.00;1607.94;big
131;3328.77;10.10;1607.15;big
131;3324.22;9.90;1587.26;big
131;3367.09;10.60;1612.57;small
131;3252.89;9.90;1629.31;small
132;3277.30;9.90;1665.59;big
132;3271.37;9.90;1703.17;big
132;3324.23;10.30;1665.85;big
132;3326.21;10.40;1712.34;big
132;3366.18;10.50;1679.47;big
132;3311.75;9.80;1865.24;big
132;3320.94;10.40;1828.45;big
132;3340.16;10.50;1773.55;big
132;3352.13;9.80;1825.62;small
133;3379.88;10.30;1553.76;big
133;3422.77;10.00;1539.32;big
133;3452.91;9.90;1578.35;big
133;3412.83;10.20;1612.32;big
133;3482.97;10.30;1636.66;big
133;3426.92;10.40;1677.36;big
133;3373.34;10.70;1639.62;small
133;3504.88;10.00;1664.92;small
133;3515.51;10.00;1577.23;small
133;3493.68;10.10;1598.84;small
133;3485.29;9.80;1575.72;small
134;3508.00;14.10;1359.00;small
134;3491.00;16.73;1382.00;small
134;3560.00;14.95;1342.00;small
134;3564.00;10.25;1314.00;small
134;3514.00;13.98;1370.00;small
134;3518.86;16.40;1315.43;small
134;3527.00;12.38;1347.00;small
134;3487.00;14.45;1340.00;small
134;3540.00;10.65;1326.00;small
134;3429.63;12.60;1394.16;small
134;3468.67;17.20;1382.34;small
134;3467.44;11.70;1366.48;small
134;3494.68;14.40;1360.26;small
134;3571.56;11.40;1331.32;small
134;3446.08;16.70;1386.74;small
134;3509.53;9.50;1334.24;small
135;3523.05;9.70;1445.27;big
135;3460.66;9.80;1432.29;big
135;3495.57;11.80;1404.94;small
135;3518.48;12.30;1398.09;small
135;3538.93;11.40;1391.01;small
135;3541.81;12.60;1371.58;small
135;3550.94;15.70;1356.35;small
135;3419.98;9.90;1419.14;small
135;3397.55;9.80;1419.82;small
135;3413.72;9.70;1443.44;small
135;3426.90;9.60;1463.81;small
135;3413.05;9.50;1458.58;small
136;3645.44;9.90;1402.62;big
136;3678.93;9.70;1433.35;big
136;3698.59;9.90;1481.94;big
136;3757.56;9.80;1493.86;big
136;3788.21;9.90;1551.08;big
136;3829.08;10.20;1578.95;big
136;3880.09;11.20;1594.27;big
136;3929.62;9.80;1570.83;big
136;3986.63;10.70;1566.99;big
136;4019.03;9.90;1533.55;big
136;4069.94;11.30;1505.65;big
136;4110.74;11.70;1487.93;big
136;4061.18;11.30;1454.57;big
136;4012.98;10.40;1411.99;big
136;4016.47;11.00;1378.41;big
136;3974.24;16.50;1343.68;big
136;3911.99;11.50;1322.69;big
136;3865.99;18.20;1303.80;big
136;3814.12;10.00;1303.58;big
136;3783.37;10.20;1273.62;big
136;3742.97;11.70;1309.29;big
136;3699.48;10.00;1322.30;big
136;3683.53;10.10;1365.64;big
136;3874.85;10.10;1539.93;big
136;3822.52;10.10;1508.41;big
136;3928.13;10.10;1510.35;big
136;3978.46;9.80;1514.77;big
136;4021.12;10.70;1472.60;big
136;3955.17;11.40;1460.58;big
136;3962.34;10.40;1405.95;big
136;3909.88;10.60;1381.06;big
136;3859.45;10.60;1360.84;big
136;3801.72;11.60;1360.37;big
136;3754.42;9.80;1347.64;big
136;3741.40;9.50;1396.05;big
136;3804.22;11.90;1413.13;big
136;3868.62;10.50;1425.55;big
136;3905.73;10.90;1453.00;big
136;3865.99;10.40;1482.86;big
136;3806.13;9.90;1458.45;big
136;3745.48;9.70;1448.38;big
136;3720.93;9.80;1519.26;small
136;3695.10;10.00;1526.26;small
136;3649.82;9.90;1325.76;small
136;3656.25;9.80;1290.34;small
136;3661.79;9.90;1307.13;small
136;3931.16;18.20;1281.41;small
136;3960.71;21.00;1284.77;small
136;3949.56;21.70;1298.42;small
136;4147.22;14.40;1497.38;small
136;3788.02;10.70;1589.80;small
136;3768.83;10.60;1589.11;small
137;3599.08;9.80;1571.58;big
137;3656.29;10.10;1540.96;big
137;3625.33;9.60;1487.39;big
137;3563.49;9.60;1495.02;big
137;3574.27;9.60;1455.91;small
137;3593.05;9.60;1465.52;small
137;3633.13;9.80;1583.92;small
137;3546.68;10.20;1532.33;big
137;3493.61;9.80;1528.64;big
137;3467.40;9.80;1496.37;big
137;3516.34;9.60;1496.96;small
138;3721.74;10.60;1568.30;big
138;3708.81;12.70;1616.04;small
138;3714.02;11.10;1644.35;small
138;3716.50;11.30;1666.52;small
138;3722.74;15.40;1687.38;small
138;3730.10;13.20;1654.77;small
138;3732.47;14.60;1635.47;small
138;3732.36;11.20;1614.58;small
138;3747.38;10.20;1541.49;small
139;3049.75;12.80;336.94;big
139;3105.43;13.20;327.70;big
139;3169.97;12.00;329.89;big
139;3208.86;12.40;292.34;big
139;3260.83;13.50;254.63;big
139;3072.43;13.80;286.57;big
139;3075.20;14.00;236.37;big
139;3097.74;12.70;195.53;big
139;3120.23;12.00;153.75;big
139;3125.71;12.50;114.30;big
139;3175.62;13.30;124.25;big
139;3216.45;14.50;136.29;big
139;3276.85;14.70;200.77;big
139;3248.75;16.10;165.45;big
139;3006.04;13.40;362.68;small
139;3135.00;12.60;287.57;big
139;3177.01;12.30;248.04;big
139;3222.53;14.20;220.04;big
139;3178.72;12.70;176.83;big
139;3136.41;11.90;212.42;big
139;3285.67;12.10;276.12;small
139;3290.54;13.70;240.47;small
140;2914.08;9.90;756.92;big
140;2863.02;10.80;783.21;big
140;2800.64;9.90;772.27;big
140;2739.38;10.10;769.58;big
140;2686.51;10.80;759.54;big
140;2643.87;11.00;790.07;big
140;2615.59;12.00;833.50;big
140;2580.24;10.00;875.91;big
140;2651.21;12.20;869.40;big
140;2700.23;10.50;864.39;big
140;2780.05;10.30;904.66;big
140;2835.27;11.70;870.83;big
140;2744.94;10.20;887.53;big
140;2896.42;10.40;824.12;big
140;2957.65;14.00;788.77;big
140;2970.64;10.70;820.60;big
140;2936.78;12.00;818.52;big
140;2795.26;10.20;837.88;big
140;2704.76;11.20;815.43;big
140;2758.44;10.30;826.89;big
140;2772.88;10.40;742.31;small
140;3008.19;13.70;846.95;small
140;3005.97;13.00;826.07;small
140;2819.78;10.10;905.86;small
141;4147.71;10.60;1048.35;big
141;4213.81;11.50;1071.13;big
141;4265.87;12.60;1082.67;big
141;4201.17;10.00;1027.63;big
141;4295.14;15.00;1116.94;small
141;4307.35;12.50;1104.01;small
141;4271.47;13.40;1050.61;small
141;4254.35;12.00;1035.24;small
141;4249.15;9.90;1016.18;small
142;4481.65;10.30;856.09;big
142;4452.08;9.80;836.96;big
142;4414.90;10.30;874.51;big
142;4459.65;10.60;892.17;big
142;4426.16;10.20;941.96;big
142;4441.47;10.90;984.51;big
142;4392.43;10.60;954.16;big
142;4382.63;9.80;897.49;big
142;4403.24;11.90;1000.66;small
142;4346.64;11.20;952.90;small
142;4346.98;11.50;931.30;small
142;4443.35;9.50;800.06;small
143;4593.51;12.70;1381.29;big
143;4576.70;13.60;1286.47;big
143;4634.29;11.10;1268.07;big
143;4660.56;12.30;1349.95;big
143;4623.24;9.90;1321.01;big
143;4560.00;13.80;1406.09;small
143;4622.39;12.00;1419.63;small
143;4642.85;12.10;1431.65;small
143;4667.67;12.40;1428.74;small
143;4648.62;13.00;1410.60;small
143;4634.22;13.30;1389.51;small
143;4695.30;11.20;1269.36;small
143;4676.72;11.30;1255.47;small
143;4545.63;13.20;1246.71;small
143;4563.86;12.80;1251.90;small
143;4694.77;11.80;1369.17;small
144;4327.83;13.70;1331.19;big
144;4384.42;12.50;1329.10;big
144;4440.45;12.80;1313.48;big
144;4495.16;14.10;1326.61;big
144;4538.40;12.80;1340.44;big
144;4490.54;14.10;1268.47;big
144;4442.73;15.00;1237.51;big
144;4456.50;10.30;1157.02;big
144;4488.00;14.70;1240.00;big
144;4487.96;12.90;1193.82;big
144;4385.12;17.70;1282.97;small
144;4416.32;14.60;1279.73;small
144;4280.88;13.80;1334.87;small
144;4286.85;15.90;1321.10;small
144;4576.11;14.50;1337.89;small
144;4520.54;12.10;1297.03;small
144;4524.91;11.90;1208.02;small
144;4411.39;17.80;1222.96;small
145;4167.47;12.70;1445.07;big
145;4121.85;12.90;1418.34;big
145;4084.25;13.40;1387.64;big
145;4075.26;12.30;1333.09;big
145;4027.98;13.50;1314.02;big
145;3999.14;16.80;1294.45;big
145;4064.79;13.60;1280.19;big
145;4112.91;19.70;1276.52;big
145;4172.95;17.60;1296.66;big
145;4127.49;12.30;1339.68;big
145;4170.23;14.60;1384.41;big
145;4226.53;12.40;1333.34;big
145;4265.63;12.30;1374.16;big
145;4218.37;11.70;1383.53;big
145;4206.06;14.60;1453.75;small
145;4207.71;14.80;1427.79;small
145;4213.14;21.50;1274.87;small
145;4210.88;21.80;1264.64;small
146;4009.76;21.00;1221.64;big
146;4071.50;21.90;1203.31;big
146;4128.24;22.90;1211.23;big
146;4171.56;22.10;1223.95;big
146;4213.61;22.00;1165.73;big
146;4180.11;22.50;1142.40;big
146;4159.80;22.80;1117.42;big
146;4098.76;21.00;1136.89;big
146;4124.42;16.00;1107.73;small
146;4150.60;22.80;1170.48;big
146;4062.18;22.40;1166.23;small
146;4048.90;23.20;1180.38;small
146;3974.07;19.00;1250.94;small
146;3963.61;18.40;1231.14;small
146;3973.85;15.30;1210.83;small
146;4050.27;23.70;1236.28;small
146;3986.14;16.70;1196.32;small
146;3958.91;20.90;1250.19;small
146;4238.92;21.00;1130.93;small
146;4220.64;22.40;1120.89;small
146;4239.23;21.80;1117.71;small
147;3881.94;9.70;2000.36;big
147;3907.28;9.70;1949.54;big
147;3883.80;9.60;1896.61;big
147;3838.94;9.70;1864.62;big
147;3929.34;9.70;1856.65;big
147;3959.89;9.80;1808.90;big
147;3955.44;10.30;1746.71;big
147;4013.80;10.30;1754.98;big
147;4087.27;10.40;1746.62;big
147;4120.76;9.80;1790.14;big
147;4169.85;9.70;1830.79;big
147;4219.88;10.60;1866.97;big
147;4282.54;10.60;1860.89;big
147;4336.72;11.40;1860.70;big
147;4394.69;10.70;1860.84;big
147;4478.67;10.70;1843.54;big
147;4440.96;10.70;1884.45;big
147;4511.69;10.40;1894.84;big
147;4567.28;11.20;1881.66;big
147;4607.06;11.10;1890.14;big
147;4596.43;10.00;1954.43;big
147;4624.95;9.80;1994.29;big
147;4670.20;9.80;2031.45;big
147;3936.99;9.60;2020.20;big
147;3962.83;9.60;1972.27;big
147;3947.86;9.50;1911.08;big
147;3984.74;9.80;1865.06;big
147;4023.80;9.70;1818.03;big
147;4069.84;9.80;1802.82;big
147;4112.95;9.80;1853.09;big
147;4051.61;9.70;1878.81;big
147;4007.24;9.70;1921.19;big
147;4039.90;9.70;1964.78;big
147;4081.31;9.70;1924.32;big
147;4138.49;9.70;1903.64;big
147;4181.71;9.70;1892.73;big
147;4599.94;9.80;2035.31;big
147;4555.52;9.70;2000.82;big
147;4543.71;10.40;1948.60;big
147;4498.59;9.80;2030.82;big
147;4489.49;11.00;1973.59;big
147;4462.55;10.10;1934.33;big
147;4430.15;9.80;2030.79;big
147;4429.13;10.50;1984.01;big
147;4399.70;10.40;1933.18;big
147;4348.70;11.70;1917.16;big
147;4290.89;11.10;1921.22;big
147;4237.01;10.90;1924.36;big
147;4175.18;10.00;1951.13;big
147;4120.95;9.70;1968.67;big
147;4078.91;9.70;2005.40;big
147;4142.08;9.70;2022.06;big
147;4192.49;9.70;2003.21;big
147;4238.87;11.30;1976.20;big
147;4297.82;10.70;1981.67;big
147;4361.36;10.80;1974.10;big
147;4363.50;9.70;2025.57;big
147;4295.75;9.70;2035.56;big
147;4245.63;9.70;2030.49;big
147;4007.05;9.70;2012.79;big
147;4050.09;10.30;1737.84;small
147;4444.37;10.80;1829.97;small
147;4427.34;10.90;1837.13;small
148;4730.85;11.40;1618.72;big
148;4793.55;10.20;1603.72;big
148;4859.13;11.30;1603.86;big
148;4915.35;12.90;1599.23;big
148;4967.59;10.20;1572.73;big
148;4955.90;11.40;1519.46;big
148;4934.61;12.00;1462.34;big
148;4908.54;9.80;1444.12;small
148;4871.38;9.60;1393.85;small
148;4861.25;9.50;1370.23;small
148;4884.75;9.50;1372.65;small
148;5031.10;9.80;1575.86;small
148;5026.06;9.70;1550.39;small
148;5037.89;12.20;1528.10;small
148;5001.15;10.10;1557.65;small
148;4991.95;11.00;1540.77;small
148;4823.85;10.00;1538.85;big
148;4880.58;10.60;1500.52;big
148;4880.74;11.00;1553.72;big
148;4925.34;11.50;1546.77;big
148;4787.19;10.90;1562.75;small
148;4921.60;13.60;1417.03;small
148;4899.69;11.20;1418.54;small
148;4887.94;11.10;1403.61;small
148;4907.27;13.70;1400.60;small
148;4893.11;11.40;1392.65;small
149;53.84;10.10;2022.26;big
149;5623.38;9.50;2020.23;big
149;5561.16;9.80;2010.45;big
149;5567.03;9.70;1960.21;big
149;5535.01;10.50;1917.00;big
149;5492.13;10.60;1877.02;big
149;5453.96;10.30;1831.01;big
149;5394.29;10.50;1804.13;big
149;5252.08;11.90;1615.50;big
149;5282.17;12.40;1659.77;big
149;5315.64;10.10;1707.09;big
149;5350.79;10.90;1846.78;big
149;5309.87;9.70;1814.41;big
149;5244.77;11.10;1812.12;big
149;5206.18;12.10;1772.74;big
149;5172.99;10.80;1740.14;big
149;5103.87;11.10;1749.03;big
149;5038.33;11.00;1746.10;big
149;4981.11;11.40;1714.91;big
149;4941.46;11.20;1685.21;big
149;4879.98;12.80;1673.84;big
149;4818.02;12.40;1668.92;big
149;4759.99;12.40;1672.97;big
149;4689.65;12.40;1675.87;big
149;4657.60;12.40;1618.75;big
149;4652.23;11.90;1566.46;big
149;4640.04;12.00;1540.29;big
149;4586.83;11.70;1551.74;big
149;4539.04;13.30;1532.23;big
149;4484.65;15.20;1547.32;big
149;4429.26;10.80;1554.47;big
149;4382.63;14.50;1581.97;big
149;4343.86;13.40;1611.77;big
149;4354.91;10.50;1667.61;big
149;4411.11;11.20;1682.32;big
149;4445.14;11.10;1729.62;big
149;4491.71;10.30;1764.48;big
149;4531.77;10.40;1802.81;big
149;4585.49;10.80;1816.80;big
149;4639.21;10.60;1834.26;big
149;4670.90;10.90;1880.53;big
149;4663.90;10.60;1928.89;big
149;4692.76;9.90;1972.16;big
149;4735.20;10.40;2019.76;big
149;5499.47;10.90;2020.76;big
149;5504.39;9.70;1971.78;big
149;5461.66;10.30;1929.48;big
149;5436.41;10.80;1992.81;big
149;5427.50;9.90;2043.84;big
149;5416.80;10.20;1878.35;big
149;5393.42;10.40;1941.10;big
149;5345.05;11.70;1906.60;big
149;5373.90;10.30;2010.94;big
149;5327.40;10.80;1969.64;big
149;5310.49;9.70;2019.80;big
149;5243.98;9.70;2025.42;big
149;5184.34;9.70;2028.36;big
149;5115.02;9.70;2026.25;big
149;5055.14;9.70;2022.22;big
149;4990.54;9.70;2017.65;big
149;4927.04;9.70;2017.38;big
149;4866.44;9.60;2021.42;big
149;4800.80;10.40;2024.77;big
149;5267.66;9.70;1971.08;big
149;5291.44;10.10;1911.71;big
149;5284.07;11.70;1863.05;big
149;5211.88;10.20;1867.36;big
149;5222.82;10.00;1927.48;big
149;5195.00;9.70;1977.28;big
149;5129.42;10.30;1971.52;big
149;5154.91;10.40;1922.70;big
149;5166.59;9.80;1872.80;big
149;5181.97;10.80;1821.24;big
149;5129.39;12.40;1799.23;big
149;5067.52;10.30;1957.28;big
149;5094.18;13.40;1899.79;big
149;5114.45;12.80;1847.28;big
149;5067.42;12.70;1803.83;big
149;5037.63;12.80;1862.56;big
149;5025.77;10.20;1920.14;big
149;5007.41;10.50;1967.65;big
149;4952.04;10.90;1959.51;big
149;4968.03;12.30;1902.90;big
149;4983.39;12.70;1844.49;big
149;5010.83;14.40;1793.62;big
149;4959.90;11.70;1767.35;big
149;4909.38;10.90;1734.12;big
149;4926.60;10.40;1815.86;big
149;4915.94;12.20;1870.71;big
149;4899.72;10.20;1932.29;big
149;4878.25;10.50;1977.40;big
149;4823.23;12.60;1970.66;big
149;4767.51;10.10;1973.61;big
149;4734.22;9.70;1930.83;big
149;4728.07;10.40;1872.64;big
149;4795.14;12.50;1911.77;big
149;4851.61;11.20;1916.72;big
149;4862.97;13.10;1860.80;big
149;4811.01;10.40;1856.28;big
149;4762.14;10.00;1841.64;big
149;4869.65;10.80;1792.72;big
149;4853.02;11.40;1722.95;big
149;4819.04;10.60;1798.74;big
149;4815.23;10.90;1743.38;big
149;4774.01;12.60;1718.78;big
149;4767.33;10.70;1781.43;big
149;4702.39;10.80;1820.77;big
149;4709.48;11.30;1762.55;big
149;4719.54;11.80;1716.84;big
149;4650.69;9.80;1776.65;big
149;4592.48;10.40;1750.11;big
149;4534.96;10.50;1728.45;big
149;4485.90;10.80;1689.00;big
149;4404.26;10.90;1628.90;big
149;4460.14;11.30;1640.33;big
149;4460.78;12.10;1592.20;big
149;4530.89;12.60;1593.21;big
149;4526.04;13.70;1647.41;big
149;4570.15;11.30;1685.46;big
149;4641.09;10.40;1726.67;big
149;4626.08;12.40;1667.10;big
149;4591.76;12.60;1616.24;big
149;5352.64;9.90;1766.40;small
149;5334.61;10.60;1751.83;small
149;5325.47;11.30;1736.64;small
150;3398.00;10.40;1744.00;big
150;3398.42;9.80;1794.67;big
150;3451.38;9.90;1735.04;big
150;3467.57;9.80;1858.79;big
150;3520.50;9.70;1875.89;big
150;3583.18;10.40;1898.64;big
150;3626.71;10.00;1921.90;big
150;3687.01;9.80;1920.70;big
150;3737.53;9.80;1935.81;big
150;3794.59;10.00;1942.95;big
150;3770.90;9.80;1889.35;big
150;3705.20;9.90;1873.62;big
150;3642.79;9.90;1865.84;big
150;3579.70;10.50;1842.03;big
150;3515.41;10.50;1821.66;big
150;3689.65;10.30;1825.45;big
150;3630.09;10.00;1809.08;big
150;3567.56;10.50;1785.02;big
150;3439.55;9.80;1791.52;big
150;3491.38;9.90;1777.79;big
150;3482.34;9.80;1707.96;big
150;3612.49;10.50;1777.76;big
150;3833.63;15.00;1928.30;big
150;3501.15;9.70;1918.50;small
150;3500.66;9.70;1942.20;small
150;3521.01;9.90;1936.21;small
150;3570.90;9.80;1965.11;small
150;3761.93;9.80;1977.90;small
150;3421.36;9.90;1836.26;small
150;3393.40;9.80;1846.69;small
150;3531.38;9.90;1767.47;small
150;3752.35;13.20;1846.97;small
150;3736.37;14.70;1831.57;small
150;3730.68;15.20;1799.24;small
150;3732.39;15.60;1776.68;small
150;3730.73;15.80;1752.79;small
150;3717.02;14.90;1736.38;small
150;3719.72;15.20;1716.27;small
150;3708.21;10.60;1782.65;small
151;4017.23;10.40;1692.24;big
151;4073.67;9.90;1684.79;big
151;4125.64;10.30;1701.10;big
151;4158.28;9.90;1740.47;big
151;4190.57;10.40;1775.32;big
151;4233.95;10.10;1797.26;big
151;4285.42;11.50;1795.88;big
151;4340.74;10.60;1794.79;big
151;4391.16;10.30;1798.50;big
151;4427.42;10.60;1788.64;big
151;4382.58;10.20;1743.92;big
151;4320.40;11.10;1723.08;big
151;4294.46;10.80;1684.76;big
151;4279.75;10.70;1640.59;big
151;4240.89;12.00;1589.83;big
151;4182.33;11.40;1578.35;big
151;4172.71;13.90;1534.25;big
151;4135.24;10.30;1556.15;big
151;4082.81;10.10;1567.72;big
151;4048.25;10.40;1608.56;big
151;4018.91;9.80;1634.31;big
151;4265.78;11.00;1739.28;big
151;4230.14;10.60;1689.34;big
151;4208.08;10.70;1638.62;big
151;4209.28;9.90;1730.70;big
151;4167.88;9.80;1672.99;big
151;4154.88;10.60;1626.69;big
151;4091.28;9.80;1644.01;big
151;4114.00;10.35;1595.00;big
152;4585.99;12.00;1485.10;big
152;4571.49;13.20;1441.68;big
152;4527.09;14.80;1470.72;big
152;4464.18;14.60;1483.14;big
152;4409.43;14.60;1491.66;big
152;4366.75;14.10;1520.63;big
152;4315.10;13.90;1557.43;big
152;4265.62;12.80;1524.96;big
152;4226.59;14.30;1486.38;big
152;4259.23;16.30;1445.13;big
152;4312.61;14.70;1424.72;big
152;4370.91;14.00;1403.50;big
152;4428.46;14.10;1384.76;big
152;4486.44;12.50;1396.90;big
152;4520.58;12.10;1411.64;big
152;4448.11;16.90;1439.19;big
152;4379.03;16.90;1453.76;big
152;4323.90;17.60;1483.41;big
152;4221.88;13.10;1545.75;small
152;4655.89;11.90;1453.27;small
152;4625.80;11.60;1454.90;small
152;4605.75;12.70;1437.58;small
152;4206.19;14.70;1545.10;small
152;4317.90;13.80;1383.67;small
152;4337.28;14.20;1380.88;small
153;4026.39;13.40;1134.33;big
153;4058.70;10.00;1078.22;big
153;4083.74;10.20;1014.42;big
153;4024.59;10.90;1001.42;big
153;3972.95;10.40;1027.98;big
153;3925.71;9.80;1013.69;big
153;3941.48;9.90;1074.01;big
153;3979.47;10.50;1105.26;big
153;4005.19;10.50;1057.08;big
153;3885.89;9.70;1033.29;small
153;4098.09;10.60;1056.05;small
153;4090.28;10.60;1090.20;small
153;4024.76;22.70;1179.62;small
153;4007.74;18.00;1178.24;small
153;3909.47;9.90;1093.20;small
154;5025.81;10.60;1406.84;small
154;5044.28;11.50;1390.17;small
154;5063.54;11.00;1385.87;small
154;5032.64;13.70;1371.15;small
154;5014.95;9.70;1383.35;small
154;4997.36;9.70;1366.65;small
154;4999.13;12.60;1329.23;small
154;5008.44;11.80;1311.02;small
154;4992.33;11.70;1290.16;small
154;4994.35;10.70;1266.15;small
154;4975.80;14.50;1268.71;small
154;4985.60;9.70;1244.67;small
154;4949.54;13.20;1256.27;small
154;4961.56;11.50;1235.31;small
154;4935.40;10.40;1236.39;small
154;4918.04;10.50;1215.71;small
154;4906.24;10.50;1229.62;small
154;4890.42;9.80;1208.14;small
154;4880.27;10.10;1224.38;small
154;4861.46;9.50;1209.30;small
154;4846.66;11.80;1195.40;small
154;4847.25;10.00;1173.57;small
155;4741.84;11.20;1538.96;big
155;4692.02;12.00;1501.52;big
155;4806.26;10.30;1466.59;big
155;4764.47;10.90;1500.95;big
155;4849.18;14.70;1428.88;big
155;4808.82;11.30;1393.37;big
155;4751.17;10.30;1369.55;big
155;4712.51;10.70;1458.57;big
155;4709.69;10.00;1419.86;big
155;4758.48;10.70;1437.08;big
155;4715.31;9.90;1351.38;small
155;4717.01;11.70;1320.12;small
155;4736.77;11.30;1332.34;small
155;4799.11;14.50;1359.33;small
155;4841.21;11.60;1385.62;small
155;4892.87;10.10;1463.52;small
155;4879.02;9.80;1454.44;small
155;4724.73;11.50;1573.95;small
155;4701.76;11.90;1568.51;small
155;4697.19;12.50;1546.74;small
155;4647.98;13.70;1490.69;small
155;4631.13;13.00;1490.44;small
155;4622.88;13.60;1475.46;small
155;4670.53;12.50;1475.14;small
155;4667.88;11.30;1395.30;small
155;4677.93;11.40;1408.77;small
156;4958.51;9.70;153.90;big
156;4899.42;9.80;184.19;big
156;4829.50;9.80;181.33;big
156;4747.72;10.40;190.62;big
156;4683.91;10.20;171.25;big
157;5461.78;12.00;46.23;big
157;5490.73;12.30;69.71;big
157;5529.65;11.70;106.72;big
157;5558.96;10.70;143.12;big
157;5566.14;9.80;179.85;big
157;5548.44;9.50;214.94;small
157;5530.92;9.80;227.92;small
157;5533.86;9.50;201.66;small
158;4469.25;10.80;542.51;small
158;4493.85;11.80;535.81;small
158;4514.45;10.40;531.49;small
158;4538.11;10.00;531.06;small
158;4556.15;10.20;523.03;small
158;4575.35;9.50;527.76;small
158;4598.02;9.50;515.59;small
158;4621.86;11.00;511.60;small
158;4646.89;10.00;509.28;small
158;4672.52;9.50;506.20;small
158;4690.54;9.50;520.40;small
158;4709.30;9.50;509.40;small
158;4733.44;9.50;506.85;small
158;4746.07;12.30;498.69;small
158;4735.34;9.50;483.58;small
158;4681.90;10.60;492.03;small
159;4589.43;10.30;627.76;big
159;4544.98;10.40;647.74;big
159;4614.19;12.00;670.55;big
159;4619.99;11.60;703.85;big
159;4651.70;10.20;727.08;small
159;4631.05;11.50;744.11;small
159;4574.94;10.40;692.87;small
159;4558.64;10.30;686.51;small
159;4550.78;9.50;604.17;small
160;4749.81;10.20;782.37;big
160;4739.47;9.50;823.25;big
160;4717.80;9.50;860.52;big
160;4702.80;10.50;906.33;big
160;4667.91;9.50;815.27;small
160;4654.06;10.40;798.43;small
160;4642.27;10.70;787.57;small
160;4710.19;9.50;752.81;small
161;2511.59;13.00;1890.57;big
161;2463.01;9.90;1905.23;big
161;2559.27;12.10;1901.88;big
162;3782.35;12.40;1208.34;big
162;3838.55;17.30;1229.86;big
162;3789.55;11.00;1162.11;big
162;3866.20;18.20;1203.41;big
162;3828.08;12.30;1183.61;small
162;3837.28;12.60;1165.02;small
162;3828.59;12.20;1154.02;small
162;3878.86;12.70;1252.15;small
162;3902.82;12.50;1261.65;small
162;3953.47;21.10;1267.54;small
162;3897.72;18.40;1239.18;small
162;3910.52;13.80;1228.97;small
162;3913.41;16.20;1277.31;small
162;3915.80;20.40;1247.84;small
162;3934.86;19.10;1273.64;small
164;4565.75;10.00;1204.17;big
164;4617.35;9.70;1193.35;big
164;4615.52;10.60;1144.01;big
164;4660.50;10.90;1120.39;big
164;4669.00;11.25;1169.00;big
164;4653.33;10.20;1189.30;big
164;4643.29;11.10;1077.96;big
164;4596.81;10.20;1061.56;small
164;4596.32;10.50;1085.45;small
164;4600.87;10.40;1102.00;small
164;4569.82;9.70;1151.39;small
164;4550.33;11.60;1164.90;small
164;4536.93;12.50;1166.89;small
164;4518.14;13.00;1167.14;small
164;4529.25;12.20;1183.68;small
164;4589.87;9.90;1240.48;small
164;4697.77;11.00;1136.97;small
165;4518.84;10.70;1119.59;big
165;4464.46;15.00;1085.13;big
165;4433.06;13.90;1053.67;big
165;4498.08;10.50;1043.23;big
165;4544.84;10.50;1100.56;big
165;4548.66;10.20;1033.76;big
165;4424.82;15.20;1110.22;small
165;4414.04;11.70;1137.46;small
165;4380.85;17.30;1112.69;small
165;4409.93;16.00;1110.63;small
165;4402.01;15.40;1093.14;small
165;4387.35;14.20;1047.22;small
165;4386.48;12.70;1021.49;small
165;4403.69;13.00;1021.78;small
165;4487.87;10.40;1006.79;small
165;4524.89;9.70;994.10;small
165;4528.40;9.80;965.73;small
165;4513.10;10.90;953.19;small
165;4596.69;10.50;1035.92;small
165;4617.17;11.90;1036.71;small
166;1565.36;9.50;1883.88;big
166;1501.63;9.50;1890.05;big
166;1445.40;9.50;1913.71;big
166;1418.03;9.50;1924.93;big
166;1392.98;9.50;1962.49;big
166;1424.90;9.50;2011.22;big
166;1546.85;9.50;1950.60;big
166;1478.33;9.50;1961.17;big
167;4964.51;18.10;589.29;big
167;5005.26;13.70;567.10;big
167;5053.82;15.70;551.32;big
167;5039.28;10.30;587.67;small
167;5024.76;10.30;511.80;small
167;5006.52;10.30;518.11;small
167;4978.76;9.70;525.67;small
167;4967.14;10.30;524.42;small
167;5093.24;11.80;528.50;small
167;5099.14;14.40;548.60;small
167;5107.04;14.20;509.43;small
167;5128.00;12.00;495.61;small
167;5149.86;9.50;490.29;small
167;4913.69;10.50;589.25;small
167;4892.49;9.50;599.31;small
167;4889.46;11.10;625.94;small
167;4863.79;11.60;630.05;small
167;4932.80;9.50;627.02;small
167;4911.54;9.50;636.66;small
168;3078.19;9.50;1317.76;small
168;3102.93;9.50;1314.64;small
168;3098.38;9.50;1339.30;small
168;3092.86;9.50;1355.54;small
168;3072.61;9.50;1358.77;small
168;3058.42;9.50;1372.96;small
168;3037.55;9.50;1380.95;small
168;3026.67;9.50;1399.38;small
168;3009.82;9.50;1413.62;small
169;2999.87;9.50;1321.46;big
169;3042.34;9.50;1304.61;small
169;3019.43;9.50;1297.96;small
169;2987.10;9.50;1284.06;small
169;2960.16;9.50;1350.23;big
169;2950.31;9.50;1392.27;small
169;2931.67;9.50;1385.22;small
169;2948.96;11.00;1320.27;small
170;1611.38;9.50;1405.16;big
170;1653.76;9.50;1386.41;big
170;1581.49;9.50;1370.37;big
170;1601.79;9.50;1306.59;big
170;1639.39;9.50;1331.87;big
170;1580.00;9.50;1268.89;big
170;1469.70;9.50;1321.95;big
170;1494.47;9.50;1272.50;big
170;1647.71;9.50;1273.88;small
173;2872.93;9.50;1703.23;small
173;2892.00;9.50;1678.99;small
173;2917.28;9.50;1671.67;small
173;2880.69;9.50;1653.33;small
173;2894.34;9.50;1602.49;small
173;2921.18;9.50;1609.54;small
173;2911.88;9.50;1640.07;small
173;2895.21;9.50;1628.40;small
174;2997.99;9.50;1932.31;big
174;2964.92;9.50;1902.14;big
174;2925.63;9.50;1862.19;big
174;2885.01;9.50;1824.20;big
174;2872.80;9.50;1773.20;small
174;2866.32;9.50;1749.36;small
177;5201.06;9.50;1409.66;big
177;5262.71;9.50;1428.52;big
177;5174.99;9.50;1344.80;big
177;5178.14;9.50;1276.85;big
177;5148.54;9.50;1217.67;big
177;5149.56;9.50;1157.48;big
177;5213.78;9.50;1149.19;big
177;5225.85;9.50;1223.49;big
177;5276.10;9.50;1374.20;big
177;5274.32;9.50;1299.87;big
177;5223.51;9.50;1333.19;big
177;5253.86;9.50;1169.72;big
177;5271.56;9.50;1246.73;big
181;3536.78;13.60;352.72;big
181;3528.04;12.10;311.13;big
181;3519.24;11.80;275.19;big
181;3574.14;10.40;437.77;small
181;3575.59;13.90;415.15;small
181;3574.96;13.10;392.24;small
181;3568.33;12.70;375.20;small
181;3562.88;12.20;417.94;small
181;3553.70;9.80;401.31;small
181;3543.19;10.20;386.39;small
181;3512.73;10.00;381.99;small
182;2573.12;10.10;1023.64;big
182;2598.56;10.10;1063.70;big
182;2630.73;12.70;1095.36;big
182;2683.98;15.80;1159.62;big
182;2659.54;13.40;1129.50;small
182;2721.61;14.50;1203.57;big
182;2743.58;15.60;1184.85;big
182;2764.79;13.40;1218.78;small
183;3076.42;10.30;852.94;big
183;3131.46;10.80;848.49;big
183;3182.92;13.70;864.93;big
183;3233.50;11.40;849.84;big
183;3261.36;11.30;849.00;big
183;3306.30;10.70;831.23;big
183;3284.93;11.20;778.08;big
183;3310.86;11.30;744.41;big
183;3313.95;12.70;687.34;big
183;3276.91;13.30;663.82;big
183;3081.65;11.20;798.70;big
183;3075.55;11.20;745.72;big
183;3147.74;11.70;754.22;big
183;3196.64;10.80;701.61;big
183;3247.83;12.70;613.64;big
183;3235.06;11.60;672.84;big
183;3257.01;11.80;726.51;big
183;3230.51;11.30;794.75;big
183;3199.35;11.80;761.46;big
183;3172.31;12.30;802.57;big
183;3038.53;10.00;874.62;small
183;3341.59;11.00;850.57;small
183;3345.89;10.80;732.67;small
183;3248.06;12.10;567.35;small
183;3237.18;11.90;577.37;small
183;3057.42;10.80;715.48;small
183;3042.93;11.10;800.54;small
184;2997.80;11.30;715.79;big
184;2984.98;12.30;632.80;big
184;3034.25;11.60;666.50;big
184;3022.86;11.50;593.84;big
184;3044.01;12.60;541.59;big
184;3057.98;13.40;482.59;big
184;3038.71;13.00;410.02;big
184;3107.07;13.40;406.34;big
184;3144.82;12.90;472.89;big
184;3212.03;11.80;499.55;big
184;3188.98;11.40;561.31;big
184;3167.07;11.30;630.73;big
184;3124.03;11.00;684.91;big
184;3086.72;11.00;667.75;big
184;3085.13;11.00;605.24;big
184;3134.30;11.30;583.18;big
184;3103.83;12.40;527.20;big
184;3161.70;12.10;516.84;big
184;3090.74;13.70;452.10;big
184;2975.40;13.10;676.41;small
184;2952.08;9.90;714.89;small
184;2964.10;13.90;732.62;small
184;3034.38;11.70;830.93;small
184;3020.21;12.00;795.68;small
184;3032.09;14.10;770.93;small
184;3019.57;11.80;750.62;small
184;3008.49;15.40;771.14;small
184;2996.27;12.00;751.33;small
184;3248.82;11.50;540.62;small
184;3227.86;11.80;541.87;small
184;3260.52;12.40;524.04;small
184;3257.95;13.50;447.32;small
184;3242.26;13.20;464.64;small
184;3146.66;12.80;373.18;small
184;3122.94;13.10;375.32;small
184;3074.76;13.20;384.32;small
184;3005.39;10.90;392.07;small
184;3031.50;14.80;449.69;small
184;3025.61;10.90;810.81;small
185;3322.94;12.80;593.34;big
185;3366.71;13.10;569.20;big
185;3380.54;11.10;523.95;big
185;3395.25;10.40;467.52;big
185;3397.80;10.90;414.40;big
185;3350.03;10.60;378.14;big
185;3329.74;9.90;274.60;big
185;3316.30;13.30;332.72;big
185;3276.16;13.30;329.53;big
185;3239.54;12.10;361.97;big
185;3188.17;13.00;405.18;big
185;3302.06;12.40;559.15;big
185;3291.27;13.40;485.03;big
185;3308.80;12.50;418.58;big
185;3237.65;13.20;408.91;big
185;3346.15;9.50;480.48;big
185;3348.76;9.50;433.08;big
185;3322.38;9.50;636.12;small
185;3400.53;12.00;564.21;small
185;3318.09;9.50;228.58;small
185;3195.48;13.50;453.80;small
185;3225.79;13.40;449.80;small
186;4833.79;9.60;1361.63;small
186;4820.82;13.60;1338.60;small
186;4794.76;14.40;1338.30;small
186;4780.29;13.40;1329.94;small
186;4764.09;11.90;1322.72;small
186;4792.61;10.80;1317.66;small
186;4768.36;9.60;1297.56;small
186;4800.77;12.00;1290.08;small
186;4812.16;12.50;1269.83;small
186;4814.41;11.70;1246.86;small
186;4797.27;9.90;1233.32;small
186;4790.85;10.30;1253.40;small
186;4794.61;10.10;1278.08;small
186;4783.56;9.60;1228.33;small
187;4429.51;9.70;595.56;big
187;4394.77;10.70;624.87;big
187;4356.72;10.80;658.60;big
187;4350.21;12.60;691.74;small
187;4332.42;11.10;696.99;small
187;4328.17;13.00;713.90;small
187;4307.95;10.30;719.73;small
188;4366.67;9.60;845.55;small
188;4364.10;9.50;824.47;small
188;4356.95;9.50;801.11;small
188;4353.75;10.30;785.33;small
188;4367.56;10.90;763.22;small
188;4389.39;11.00;742.82;small
188;4406.21;10.40;726.71;small
188;4414.19;9.80;699.85;small
188;4424.81;10.30;677.68;small
188;4405.34;10.40;688.76;small
188;4390.70;11.90;710.61;small
188;4382.29;11.00;727.42;small
189;4350.13;15.50;1077.28;big
189;4314.46;12.20;1033.60;big
189;4339.53;12.00;1004.46;big
189;4293.56;10.10;941.02;big
189;4287.09;11.60;994.44;big
189;4329.74;9.70;913.50;small
189;4307.24;10.60;1074.97;small
189;4334.31;9.70;886.84;small
189;4340.92;9.50;861.52;small
189;4344.40;9.50;837.52;small
189;4339.38;9.50;818.10;small
190;3826.26;13.70;1102.46;big
190;3866.13;13.30;1130.73;big
190;3922.23;11.70;1140.85;big
190;3931.97;10.50;1192.54;big
190;3872.98;9.70;1076.84;big
190;3903.95;9.80;1056.52;small
190;3791.23;10.70;1073.93;small
190;3785.96;12.30;1123.41;small
190;3966.64;9.90;1151.65;small
190;3984.99;13.30;1168.18;small
190;3969.70;12.80;1176.83;small
190;3944.96;16.40;1235.50;small
190;3935.14;20.50;1249.30;small
190;3895.36;15.40;1168.94;small
191;3179.20;11.80;1978.91;big
191;3013.91;11.80;1870.03;small
191;3024.17;11.50;1887.03;small
191;3041.61;12.80;1904.67;small
191;3055.42;10.80;1929.21;small
191;3074.51;9.50;1945.22;small
191;3050.88;10.20;1953.24;small
191;3032.76;9.50;1938.41;small
191;3107.56;11.70;1960.24;small
191;3088.59;10.00;1964.82;small
191;3113.08;9.90;1980.95;small
191;3135.61;11.80;1977.96;small
191;3260.64;9.90;1981.85;small
191;3279.47;9.50;1990.88;small
191;3249.60;9.60;2003.65;small
191;3225.60;10.60;1995.66;small
191;3232.55;9.70;2011.69;small
191;3206.15;9.60;2009.67;small
192;3136.65;11.50;1914.23;big
192;3060.62;11.90;1863.79;big
192;3038.70;11.70;1772.08;big
192;3028.33;12.60;1805.71;big
192;3081.66;11.00;1826.02;big
192;3112.64;11.20;1866.45;big
192;3096.08;12.60;1910.99;big
192;3167.30;10.40;1883.82;small
192;3130.86;12.30;1947.57;small
193;4890.06;10.10;428.35;big
193;4803.88;11.50;400.34;big
193;4758.13;9.70;379.97;small
193;4782.04;9.90;361.07;small
193;4764.76;9.90;365.76;small
193;4857.08;10.10;394.26;small
193;4842.99;10.20;386.53;small
193;4848.56;10.40;412.20;small
193;4849.83;10.30;432.15;small
193;4942.33;9.90;390.51;small
193;4925.61;10.20;383.18;small
193;4925.19;9.90;399.69;small
193;4911.76;10.10;392.06;small
193;4929.60;10.40;448.63;small
193;4869.90;9.50;461.40;small
194;5012.98;10.10;111.59;big
194;5069.39;9.80;111.97;big
194;5102.56;10.80;160.39;big
194;5125.21;10.40;211.20;big
194;5109.65;11.30;271.35;big
194;5076.95;10.10;314.68;big
194;5022.18;9.90;373.52;big
194;5011.45;10.30;421.55;small
194;5015.30;10.30;445.91;small
194;5043.17;9.80;412.93;small
194;5031.78;10.60;427.85;small
194;5016.19;10.30;465.03;small
194;4964.79;9.80;384.65;small
194;4982.91;9.70;373.04;small
194;5041.65;10.90;334.34;small
194;5065.90;9.90;228.34;big
194;5043.30;10.00;280.71;small
194;5035.22;10.00;267.66;small
194;5052.03;9.80;162.97;big
194;5011.36;9.80;168.12;small
194;5010.75;9.70;151.83;small
194;4973.69;9.50;120.49;small
194;5063.47;10.80;30.54;small
194;5078.74;10.60;18.12;small
194;5085.43;9.70;38.50;small
195;4998.97;10.00;306.75;big
195;4989.33;9.70;245.81;big
195;4938.27;9.70;246.43;big
195;4879.11;11.00;261.24;big
195;4822.58;10.60;248.95;big
195;4772.83;10.70;263.88;big
195;4740.37;10.40;317.52;big
195;4675.66;10.60;294.15;big
195;4674.92;10.60;244.12;big
195;4721.10;11.00;267.96;big
195;4808.07;10.50;318.37;big
195;4845.74;10.50;330.28;big
195;4937.47;10.20;328.85;big
195;4883.91;10.30;351.63;big
195;4985.45;9.70;216.51;big
195;4980.77;10.30;348.80;small
195;5031.27;10.70;318.47;small
195;5016.85;9.80;198.82;small
195;4640.06;9.70;270.33;small
195;4694.95;9.90;329.44;small
195;4743.69;9.80;352.58;small
195;4832.32;10.50;365.51;small
195;4816.14;10.40;355.30;small
195;4772.85;10.30;337.94;small
196;3697.57;9.80;999.20;big
196;3658.05;9.90;962.62;big
196;3604.69;12.60;931.17;big
196;3544.68;12.40;904.76;big
196;3497.55;14.60;932.86;big
196;3617.91;9.80;996.74;big
196;3551.61;10.70;971.89;big
196;3513.60;15.10;872.69;small
196;3497.28;13.90;867.45;small
196;3489.64;12.80;889.41;small
196;3569.21;10.30;1042.96;big
196;3675.55;10.50;1057.74;small
196;3659.61;9.80;1035.02;small
196;3642.77;9.80;1028.11;small
196;3665.72;9.80;1019.18;small
196;3682.46;12.30;1035.23;small
196;3538.57;10.70;1087.96;big
196;3473.37;13.10;979.78;big
196;3443.32;13.10;1028.12;big
196;3430.78;10.40;988.28;small
196;3522.15;11.30;1020.80;big
196;3483.65;11.40;1076.85;big
196;3416.97;13.00;1079.12;big
196;3429.75;11.50;1144.58;big
196;3510.43;10.60;1122.49;small
196;3484.89;11.00;1128.30;small
196;3463.85;11.50;1115.24;small
196;3473.36;10.80;1142.85;small
196;3386.20;11.90;1118.59;small
196;3361.58;12.60;1116.75;small
196;3377.03;11.00;1093.06;small
200;4262.61;17.50;1270.73;big
200;4327.41;15.10;1266.52;big
200;4392.89;19.10;1182.63;big
200;4362.20;20.90;1149.05;big
200;4287.22;21.90;1159.58;big
200;4246.25;21.70;1221.08;big
200;4291.91;21.10;1221.82;big
200;4377.66;18.50;1237.26;big
200;4329.88;21.70;1201.23;big
200;4266.82;22.00;1132.29;small
200;4429.74;17.50;1193.75;small
200;4393.26;17.40;1128.38;small
200;4331.01;20.00;1121.26;small
200;4317.44;21.50;1131.55;small
202;3203.27;9.60;1323.94;small
202;3179.23;9.50;1316.61;small
202;3198.47;9.50;1301.08;small
202;3214.50;9.70;1279.43;small
202;3194.57;9.50;1273.29;small
202;3180.89;9.50;1264.05;small
202;3220.31;9.50;1262.13;small
202;3198.09;9.50;1245.39;small
203;3588.28;9.50;1114.49;big
203;3639.71;9.50;1068.27;big
203;3708.14;9.50;1049.59;big
206;3058.40;9.50;1622.83;small
206;3033.13;9.50;1612.60;small
206;3043.26;9.50;1630.96;small
206;3072.19;9.50;1644.72;small
206;3102.70;9.50;1649.10;small
206;3095.96;9.50;1633.96;small
207;2949.58;9.50;1686.71;small
207;2966.67;9.50;1694.49;small
207;2982.16;9.50;1659.15;small
207;3001.62;9.50;1633.74;small
207;2973.54;9.90;1631.82;small
208;2793.04;10.50;1474.69;big
208;2814.35;10.00;1499.24;small
208;2751.94;10.00;1481.52;small
208;2798.15;10.30;1440.11;small
209;2699.26;12.60;1354.42;big
209;2720.25;11.80;1355.44;big
209;2738.76;13.40;1329.30;small
209;2676.87;10.90;1324.59;small
210;2696.48;10.60;1295.33;big
210;2751.60;12.50;1287.99;big
210;2721.02;11.20;1270.39;small
